4294967293,131
4294967293,130
4294967293,129
4294967293,128
4294967293,127
4294967293,126
4294967293,125
4294967293,124
4294967293,123
4294967293,122
4294967293,121
4294967293,120
4294967293,119
4294967293,118
4294967293,117
4294967293,116
4294967293,115
4294967293,114
4294967293,113
4294967293,112
4294967293,111
4294967293,110
4294967293,109
4294967293,108
4294967293,107
4294967293,106
4294967293,105
4294967293,104
4294967293,103
4294967293,102
4294967293,101
4294967293,100
4294967293,99
4294967293,98
4294967293,97
4294967293,96
4294967293,95
4294967293,94
4294967293,93
4294967293,92
4294967293,91
4294967293,90
4294967293,89
4294967293,87
4294967293,86
4294967293,85
4294967293,84
4294967293,83
4294967293,82
4294967293,81
4294967293,80
4294967293,79
4294967293,78
4294967293,77
4294967293,76
4294967293,75
4294967293,74
4294967293,73
4294967293,72
4294967293,71
4294967293,70
4294967293,69
4294967293,68
4294967293,67
4294967293,66
4294967293,65
4294967293,64
4294967293,63
4294967293,62
4294967293,61
4294967293,60
4294967293,59
4294967293,58
4294967293,57
4294967293,56
4294967293,55
4294967293,54
4294967293,53
4294967293,52
4294967293,51
4294967293,50
4294967293,49
4294967293,48
4294967293,47
4294967293,46
4294967293,45
4294967293,44
4294967293,43
4294967293,42
4294967293,41
4294967293,40
4294967293,39
4294967293,38
4294967293,37
4294967293,36
4294967293,35
4294967293,34
4294967293,33
4294967293,32
4294967293,31
4294967293,30
4294967293,29
4294967293,28
4294967293,27
4294967293,26
4294967293,25
4294967293,24
4294967293,23
4294967293,22
4294967293,21
4294967293,20
4294967293,19
4294967293,18
4294967293,17
4294967293,16
4294967293,15
4294967293,14
4294967293,13
4294967293,12
4294967293,11
4294967293,10
4294967293,9
4294967293,8
4294967293,7
4294967293,6
4294967293,5
4294967293,4
4294967293,3
4294967278,291
166,9
166,0
4294967279,395
4294967279,174
166,8
166,7
166,6
166,5
4294967294,898
4294967294,97
4294967294,104
4294967294,106
4294967294,166
4294967294,24
4294967294,189
4294967294,184
4294967294,384
4294967294,185
4294967294,1414
4294967279,94
4294967279,93
4294967279,92
4294967279,91
4294967279,90
4294967279,89
4294967279,178
4294967278,517
4294967279,299
4294967278,515
4294967279,163
4294967278,288
4294967278,558
4294967278,157
4294967279,158
4294967278,156
4294967279,156
4294967278,155
4294967279,155
4294967278,154
4294967279,154
4294967278,153
4294967279,394
4294967278,315
4294967279,153
4294967278,287
4294967279,98
4294967279,97
4294967279,96
4294967279,95
4294967279,150
4294967278,149
4294967278,148
4294967279,148
4294967278,147
4294967278,146
4294967278,312
4294967279,336
4294967278,566
4294967279,99
4294967279,370
4294967279,102
4294967279,101
4294967279,100
4294967278,565
4294967279,362
4294967279,112
4294967279,111
4294967279,110
4294967279,109
4294967279,108
4294967279,107
4294967279,106
4294967279,105
4294967279,104
4294967279,103
4294967278,140
4294967279,393
4294967279,386
4294967278,572
4294967279,138
4294967279,335
4294967278,7
4294967278,6
4294967278,5
4294967279,132
4294967279,131
4294967279,130
4294967279,253
4294967279,127
4294967279,126
4294967279,125
4294967279,124
4294967279,123
4294967279,122
4294967279,121
4294967279,120
4294967279,119
4294967279,118
4294967279,117
4294967279,116
4294967279,115
4294967279,114
4294967279,113
4294967278,137
112,4
4294967279,285
4294967278,310
4294967279,334
4294967278,552
4294967278,309
4294967294,387
4294967279,134
4294967278,283
4294967279,284
4294967278,308
4294967278,284
4294967294,920
4294967279,268
4294967278,282
4294967278,275
4294967278,274
199,13
199,12
199,11
199,10
199,9
199,8
199,7
199,6
199,5
4294967278,273
4294967278,270
199,4
199,3
199,2
199,1
4294967279,392
4294967278,269
4294967279,277
4294967278,267
4294967279,281
4294967278,280
4294967278,279
4294967278,264
4294967279,258
4294967279,256
4294967278,278
4294967279,331
4294967278,262
4294967278,261
4294967279,255
4294967278,4
4294967278,258
4294967279,129
4294967278,257
4294967279,329
4294967279,328
4294967279,368
4294967279,326
4294967279,128
4294967278,39
4294967278,38
4294967278,37
4294967278,36
4294967278,35
4294967278,34
4294967278,33
4294967278,32
4294967278,31
4294967278,30
4294967278,29
4294967278,28
4294967278,27
4294967278,26
4294967278,25
4294967278,24
4294967278,23
4294967278,22
4294967278,21
4294967278,20
4294967278,19
4294967278,18
4294967278,17
4294967278,16
4294967278,15
4294967278,14
4294967278,13
4294967278,12
4294967278,11
4294967278,10
4294967278,9
4294967278,8
4294967279,391
4294967278,296
4294967278,253
196,17
196,16
196,15
196,14
196,13
196,12
196,11
196,10
196,9
196,8
196,7
196,6
196,5
4294967278,246
4294967278,242
196,4
4294967278,244
196,3
196,2
196,1
4294967278,239
4294967278,234
4294967278,232
195,2
195,1
4294967278,229
194,17
194,16
194,15
194,14
194,13
194,12
194,11
194,10
194,9
194,8
194,7
194,6
4294967278,225
194,5
194,4
194,3
194,2
194,1
4294967278,215
4294967278,330
4294967278,329
4294967278,547
193,7
193,6
193,5
193,4
193,3
193,2
193,1
4294967278,543
4294967278,328
4294967294,401
4294967294,190
4294967294,421
4294967294,961
4294967294,909
4294967294,162
4294967294,911
4294967279,311
4294967278,540
4294967279,200
4294967278,198
4294967279,199
4294967278,195
4294967279,197
4294967279,353
4294967278,536
4294967279,195
4294967279,194
4294967278,292
4294967279,192
4294967279,306
4294967278,568
4294967279,364
4294967278,563
4294967278,522
4294967294,392
4294967294,390
4294967294,120
4294967294,115
4294967279,343
4294967278,521
